3205
5539
3395
2833
1118
711
10756
6322
3943
1370
1721
4709
2793
4712
4025
8809
2489
3486
3371
1669
6835
2788
5065
3976
7748
3069
5428
8767
3130
7790
4707
2504
5637
6351
2321
1594
1913
7636
6080
8403
5638
2961
10781
5079
1306
6219
3896
9770
5563
7039
2414
7604
6763
6597
2854
7876
3856
4388
12405
13167
9253
9890
4900
6585
4910
4082
4892
5407
4109
3918
6954
7293
2892
4503
6670
3681
4072
5147
10033
2760
8059
2284
2397
4186
2888
11503
3958
2662
6854
9321
3403
3854
7018
6593
5559
3343
2792
4610
861
9140
17693
3171
1130
6622
2995
11336
3573
4622
4251
1898
6003
12119
2238
5082
2333
3527
1811
3324
2433
10214
6884
1120
3281
5320
4973
2821
3738
3766
20346
3037
2209
3707
10923
12644
2240
12805
2531
3486
5269
8563
2500
4122
3195
4716
516
2882
13294
4240
3910
3476
4159
3745
1545
8984
5559
6813
4534
2686
8871
2915
5253
2462
6002
3189
2971
4126
7847
1861
3085
5055
6313
3687
6188
24695
2822
2768
1710
1781
2686
3476
3461
4054
1249
6767
1654
2607
2672
5571
2615
2436
2581
963
4836
2674
4470
7442
8353
7265
3014
5650
9497
4490
17694
3470
4527
8992
5358
1272
1335
1601
6341
5447
9739
8676
4392
3515
4988
5457
1797
2142
1987
2186
2196
3955
5658
2047
2564
10277
9371
3940
9404
6964
8168
4495
4605
3370
3410
2433
3940
5397
9014
3297
6261
3835
4537
3498
2573
4527
1956
4043
5145
1780
4704
935
2379
5596
2509
5884
9246
3382
5436
1315
4979
2225
2856
1976
2368
5974
6010
4461
5575
4951
2167
2041
2115
5666
7157
3474
865
4034
3846
2819
166
2019
2670
2743
6483
4706
2609
2225
3453
2017
7165
3888
4305
3377
74
108
2337
6459
3859
8282
2639
3211
3922
6700
3274
7067
6621
2987
4011
1891
1026
3520
5925
2775
9365
7085
6431
3588
3464
7687
5103
2818
2293
1869
3583
1725
2961
936
3337
4009
1699
2191
6275
7075
3531
9470
3941
5965
8210
9190
3139
1991
1417
2610
5683
3646
3331
5410
5308
18147
1355
2387
1717
3977
9617
4828
7426
7647
9629
4917
2189
2701
3629
5411
1978
1668
4670
3313
5271
4736
4474
5590
1496
2822
2916
8426
10111
3117
3487
4888
4456
5745
3160
4423
2469
8151
3018
1826
2231
8024
9099
4740
2004
2928
5167
5313
2914
2741
548
36470
1692
813
6782
3750
8071
3054
3987
3814
3304
6246
3572
4151
3436
3039
7235
5990
4183
1290
4310
4447
1639
14224
569
6893
8981
2195
2628
13539
2212
1930
3602
2786
4631
2141
4208
843
3561
2127
1516
6694
2038
2458
2704
17331
2590
10719
5172
4425
2658
5083
2930
3535
3778
3554
5159
5599
2644
9779
3635
3166
3658
2847
80
103.33
70
67
2047
3479
1265
5149
3043
5077
2908
6046
1803
3909
2742
3460
2981
1522
3121
8293
3323
7433
2439
3705
7877
7676
2366
6366
3212
7668
1408
8468
2776
2896
8060
5654
3459
1598
3890
2941
1996
1438
5706
3844
4675
4535
5904
2138
3225
5263
3318
3122
9362
7551
9798
12844
3630
1714
6022
5529
7491
5658
16199
1691
2508
8211
4694
11498
8305
4770
4237
3401
4487
1463
7077
2812
2259
2282
3236
2411
932
4156
5826
6244
2544
5227
9768
2005
3527
2347
6055
4441
1097
5163
11708
9347
2729
3718
2068
8938
3321
6229
6845
2990
10872
5516
3849
5980
4263
10873
3110
4950
5459
5704
4090
6836
6392
6070
6317
88
7578
6907
5105
11457
8641
10493
6700
8273
7154
7676
2069
4724
1973
4513
5904
996
2884
8477
4595
1222
2414
9882
4993
13406
4382
4081
4616
6314
4779
5916
7225
4263
5513
6916
9008
6918
4624
5666
3783
3973
4714
10240
2801
10543
6676
3589
1728
1112
6939
8651
3543
3440
6623
6451
3417
2819
5982
2455
6197
9568
9059
4496
3649
6827
10267
5833
7014
2225
5087
4297
4992
6276
6127
8200
2987
8074
11724
4852
729
10984
7600
3599
8654
2251
4623
2910
17142
3301
8276
2890
2574
5909
9423
5633
10949
5798
5072
5985
5374
8669
15524
7669
2875
2869
2829
9633
7402
2769
13174
6556
2088
8244
8434
6241
3972
11303
5729
3491
6049
4950
8376
2970
3071
8265
6867
2650
7271
6548
9355
2426
5817
5895
8099
4996
4536
4574
1235
9298
3836
12349
2855
1789
8760
5737
4033
5232
5690
5144
3206
6828
5370
5864
6026
4837
5418
4736
1508
6644
9343
4666
3167
1338
2081
3621
3138
8413
5515
3295
2988
2805
3383
2768
5733
6019
7404
12561
8111
4130
6509
4028
2874
6438
12456
8180
7170
6819
4503
4251
5864
3940
9215
2265
9574
1299
2496
4449
5755
5894
3410
1047
9062
2769
5292
7261
1783
7388
1679
6352
3771
10181
4368
3001
9667
5751
10496
10275
9552
3806
3847
5041
5622
2571
16803
903
28338
1874
4968
2703
1802
3614
3830
4949
2494
1838
6320
3342
4805
1657
2793
1561
5460
5988
3370
6420
9166
2084
2223
448
1461
4824
2245
4591
6413
6250
6629
3607
3468
1351
938
5373
8738
4023
3360
6393
4218
5493
3339
4228
1887
6516
7086
4643
1826
2892
2331
4184
4072
9189
5773
1178
2508
3265
1843
4545
5405
3027
6349
5456
4586
3504
2158
10272
6616
4017
7467
2261
1812
4349
5092
3379
6314
1757
4390
1543
680
2153
577
1006
4457
536
971
784
1025
955
1567
1701
1277
2558
3028
5558
1544
2033
5003
9721
5470
7478
7584
3612
3246
2911
1496
2713
8363
2582
7503
2155
7572
6343
8441
2706
4161
5867
8356
13553
1280
3851
3630
4342
4019
4243
3071
3193
6585
1263
2098
2539
2320
622
3826
4528
2401
4559
3653
3732.5
4468
2442
3756.5
4121
2618
3718
3516
5427
13296
5359
4993
4588
2647
11912
5240
3919
135.5
9213
6651
3878
1438
1689
6124
6985
6676
7112
2680
1190
2318
5308
3067
4018
3384
12314
6400
6742
4437
2241
4931
5558
1100
5262
3169
1695
3790
4106
2512
4356
5530
2631
9392
1976
6707
12440
6538
5058
2253
1435
2767
2059
5294
3896
1165
825
2996
1818
2487
6620
1156
4322
5293
2562
6298
6284
2237
2806
8274
4461
6232
4175
2563
5340
9255
4219
2494
4604
9121
2904
5066
1210
2336
5064
1720
677
3793
2821
2274
3764
4607
3419
10334
3997
964
945
3099
1424
2154
2014
5314
2646
2977
1927
6996
1558
3275
2592
1762
7890
3415
8449
4487
9246
3405
10730
4836
5219
3362
21771
2532
7888
3308
3082
6756
5332
8451
2963
8283
15782
4034
2688
5718
7069
6204
5902
1818
11221
3647
1786
3068
5737
3820
3671
7158
3490
2725
4586
1578
6354
6876
5014
3773
8246
3463
6239
3574
2517
14192
2095
5159
3843
11346
568
5229
3942
2367
4254
4914
3689
3631
75.667
84
61
59
19464
11508
13701
4510
2594
5008
4779
4299
9225
7377
11818
7422
3403
6039
3917
13257
7033
6089
4032
18876
9615
14301
9311
4866
8903
6254
9264
2340
17878
9032
6128
2427
4975
5645
8406
6543
7165
8317
2928
5482
5415
2443
10971
7804
8372
4073
5022
4054
7929
18583
5050
12350
4153
5269
2875
2806
4117
5870
2086
7108
9102
1299
5352
7124
8144
10887
8562
13203
611
5485
8439
7795
4895
7274
4470
12148
3915
12116
6211
7281
3237
6791
2029
10318
2329
22056
11915
1746
3970
3513
3111
7191
1973
5906
6596
4583
1065
18537
7774
9185
2430
3552
3193
4504
4026
9707
4191
1805
3408
7730
2757
3310
5747
9721
120.67
3198
9700
4250
1474
7412
4648
1465
709
1136
7820
5227
9414
11385
5681
21318
10074
1388
4404
7908
4922
3405
3624
1063
7580
10973
3702
6546
6357
3546
12027
3791
6654
2882
4218
4195
1567
1979
4376
5502
6521
9815
3219
2441
4477
4885
12164
8708
3949
13781
4688
866
1526
7753
1576
4792
10376
5467
4296
3208
9092
9022
5474
3027
8799
5107
4892
3820
2914
1290
4003
2332
2713
4091
3788
6442
6950
7349
6098
4884
18756
11663
3910
4929
20584
10880
8833
6515
7883
5151
2966
5450
3115
4162
10344
5371
3413
4144
3474
3287
2895
10188
4517
5549
4651
4865
5184
8792
5991
6044
2515
4895
5098
10481
6386
19741
5257
15032
1712
2504
10339
3539
2392
3578
4442
7169
7036
3757
14055
9006
4315
6542
2932
3280
4308
1886
4725
2243
10219
32207
8522
3548
496
3285
4372
3297
1495
5057
4256
6412
6001
7944
3795
11086
2291
2593
5161
4212
1987
2394
5413
3173
5119
7265
333
6241
12137
7641
15854
3542
3195
7743
4724
3542
135
3113
11073
4633
2568
5705
5413
19616
5864
2279
3726
9710
9049
5419
11402
17799
12150
9691
4170
2142
5946
3480
7078
5353
7499
3666
8492
8605
14403
5871
1848
5922
2503
9609
3756
2258
10531
4757
3225
6528
3741
3933
3772
5300
10003
10125
6161
1359
3589
5656
5698
4827
6949
6139
2417
9423
6086
4532
4194
876
1302
3003
4033
3059
6817
3168
3176
6419
5534
3285
9955
14629
3378
7509
2347
4872
3253
781
9873
14202
2185
5906
5281
3916
4969
2404
8746
3681
5121
5454
3381
3979
9815
1865
12499
7019
1733
4818
3565
7307
1498
1930
5058
3955
3998
4191
13168
10535
4965
3246
6537
2306
7196
12567
13718
6844
2501
3315
4283
4006
5088
2052
3111
10656
10739
2329
3788
3981
1959
4236
8241
6993
3631
4339
6106
4106
6577
12188
2314
10341
8382
3601
4294
3831
8561
5843
5877
11286
6127
11517
6513
4992
5695
4998
3186
4946
6464
4244
7439
9626
10256
5958
7753
6661
3752
6073
774
3253
2509
2397
1436
3006
6380
9481
2979
3078
2551
3685
7985
4442
2458
6783
13692
1784
8633
8840
2419
3266
1860
4196
794
6338
4109
2206
2378
6133
2857
3486
5606
6567
4093
6750
4425
7345
24624
3909
4841
6907
8164
9548
9073
3723
3689
1850
11026
5205
1008
2117
4551
15838
5172
5373
8137
5006
7815
9288
6002
3568
2691
4711
1220
3641
4283
6166
2646
5844
1980
5131
4597
6914
5164
3547
7257
2534
5269
6257
1614
6841
2684
17359
4934
3224
6970
6572
5098
3969
2058
5649
4254
4533
3186
2437
3687
7473
3955
3366
2862
5303
9850
1541
5147
5363
4885
1483
4685
6770
2514
2950
5818
4401
2970
13400
2349
7316
2827
1580
3347
18808
10365
8112
4880
10735
2674
5051
2616
1321
1240
8770
3690
2460
17883
2128
6189
6033
2456
6679
5334
1247
3078
4027
3016
4116
5102
2695
4277
10048
3933
1733
6323
3027
3562
1378
4940
3489
2640
3079
4015
4840
4127
7126
6872
8236
11354
2524
6157
2545
7673
7895
7607
4858
4772
6359
2485
8499
3271
1449
8222
13282
4691
6921
10106
2509
2239
10819
3756
3218
14587
4148
10883
3706
8151
7095
5691
11116
9103
6161
2651
2204
6801
3345
3039
5855
1706
1509
4148
2599
4864
1457
3377
4031
1836
3409
3531
3653
3867
5277
2365
6413
2648
1752
3657
4177
1806
8634
5792
6928
3985
150.33
2215
5362
8360
2572
13950
6243
5253
3573
6547
5793
4628
3613
6583
5734
2670
5036
928
7602
3294
4747
2646
2790
6053
3969
1371
1391
6641
4479
6327
2593
1412
1469
4341
6865
2916
3844
8034
2404
16324
7320
2613
3268
898
7382
3620
12436
7974
6426
1691
10344
4588
9961
6691
6541
4607
5417
2615
4275
8162
4535
8075
4433
3869
9810
4318
2404
8408
5049
3740
3466
4596
11223
2862
5256
3368
5948
9871
6212
3596
9822
9832
2411
6754
3090
4125
6666
3583
3261
6169
8899
7059
4627
6048
6161
1868
3417
2949
1252
4470
2747
6184
5944
5684
10837
7543
5690
3546
18835
13780
2120
8073
1177
3173
6982
4821
6256
3203
7514
4689
5207
3388
4064
6424
5993
7411
3432
4070
4499
3948
4178
9860
5319
8079
4403
11299
12807
3557
4623
2275
5258
6114
2111
7608
3176
3543
11541
2651
3701
7991
1157
2911
4780
6680
3265
1695
980
1617
2320
4095
3269
9621
2934
431
3868
6685
5202
4766
1307
1080
1348
3761
3787
3496
6207
6107
7367
1854
2769
2492
2321
5769
2628
3873
366
1477
4494
4071
5693
3005
1649
4539
1955
134
3843
3938
1142
5841
6265
9571
8428
8693
18611
5983
6903
4504
4616
1116
4784
2999
4854
1080
5399
2596
2975
2812
6979
3243
1852
4199
3793
7394
2657
3962
3971
91667
2586
1782
5316
955
5194
10037
7466
5705
3262
1691
2703
9913
3781
1782
6811
4178
1952
4282
3614
1179
808
2027
921
2313
3947
2690
5207
6020
4736
2756
5194
3631
6710
4225
19629
6922
3463
6104
4895
10763
2276
8438
4025
2949
3628
4727
3436
9617
8596
9431
6722
7700
1690
10816
7193
14267
2300
2607
3064
4123
7968
1828
8648
4422
7245
4233
9239
7190
16767
2718
6793
1290
7820
3515
7702
5562
8655
142
9029
11158
5059
15819
3448
8307
10816
1848
6742
3495
7501
5022
5131
3711
10467
3949
2128
19632
8675
9575
2186
9204
8993
3204
6835
4187
9842
3502
3070
653
727
2227
765
6425
6939
6210
3839
5515
6005
4243
4841
7763
4140
14577
2797
5467
5289
6900
3309
3529
5263
8795
3445
3003
2464
3733
6340
4688
7740
4668
5499
8198
7592
2854
2219
14776
7225
7428
7875
5530
10537
3326
5370
4517
7958
891
4942
12446
3109
7689
5242
4973
3347
4494
4386
5432
3760
10060
12331
3862
2685
3295
4575
2839
6636
4871
7815
1758
5347
4651
11284
8600
2372
2373
5826
5286
5750
4054
5871
7342
5527
5424
3478
649
4505
6199
3498
369
3013
11449
4038
10849
2170
7673
2662
7315
6138
3078
8547
8597
5671
5920
2752
1846
3484
4346
8353
4268
2069
4579
2245
1988
10441
2740
3302
3670
1435
1664
2897
5483
7593
8471
6880
3824
5410
3659
7149
6323
1838
3664
2387
3534
777
2062
2197
3603
4460
2793
5429
1775
2246
8833
2467
5220
1834
5440
3857
7221
6072
4442
5492
4278
7624
2271
1586
1958
6197
2508
4348
3650
4872
2195
2044
2436
2739
2421
7271
6118
5995
3221
3960
4869
13950
6348
2364
6019
2492
2211
5953
3909
5757
2478
10228
11026
6283
3006
8930
2030
4473
453
518
480
1508
4584
582
19463
2969
4082
4236
5490
2495
2428
4933
3285
3185
140.75
2510
2585
4004
882
5293
2657
3348
1923
3149
1496
2280
6194
2257
4247
3792
68
72
5239
3250
3268
2270
1299
742
3104
7600
5792
5745
2807
6154
2738
5321
507
5331
2089
4657
3062
2210
3721
2807
1539
1608
1651
4964
1708
4031
2632
3030
1625
893
8331
3807
5222
10580
6084
4981
5972
3745
4246
6112
7088
7883
3376
2844
2084
4915
1772
4044
3925
2782
3408
1296
1846
3080
5496
7553
5726
2452
7715
7855
4091
22767
8708
4282
10298
2008
1458
6705
1563
10564
4668
5464
3732
3697
3849
3966
5863
5476
5397
1719
3353
1231
1887
1761
1737
2062
4323
3327
1645
759
2687
9795
9037
5479
2007
2069
2370
2562
2558
5469
2514
2720
3424
2539
3807
3979
6145
3486
3517
2896
2474
3937
5821
4325
9131
3953
2995
5927
2828
10830
1265
10258
6643
3641
3049
1986
3175
2711
5010
5670
5815
1292
2958
2701
3252
1640
6449
2019
1925
4154
1475
1548
1300
3235
3438
6621
4523
4384
3877
3406
6164
8333
1300
6565
2825
6465
2746
6130
3760
4830
7873
6033
1841
10467
6949
16428
4160
14970
1130
3567
4323
15212
6136
2778
1577
1415
6519
1784
4232
7182
9047
3710
8617
5188
2861
3976
9539
6322
7823
4933
4896
4386
4558
3475
3237
3684
12567
7917
4009
8515
3677
1187
5508
3073
7823
9086
2979
9379
5976
5894
148
146
3101
9867
4914
6433
7904
6352
2401
4459
4131
8442
6166
10136
6299
2396
4592
15740
6074
1917
1174
2652
3449
4164
5233
6771
3153
1854
6482
11701
8703
6724
6561
16089
2401
971
5587
2428
11248
5833
7016
4544
3838
11725
7383
5898
1465
11421
7254
10655
19420
9681
354
131
70.667
117.72
8420
6269
10773
2769
3526
6047
4558
10035
2989
2978
1167
4687
10370
6042
7101
6119
7106
6985
4226
6944
1853
15305
5537
2368
2647
6296
7484
4517
4647
2323
1758
1970
2048
1874
2834
1700
14284
4266
7256
3722
1688
10083
5516
6183
3583
4506
906
3717
6742
5584
7534
22317
4993
10843
8461
9719
6588
3206
7125
7416
2938
9796
6720
8014
3551
3831
3034
1508
1800
8509
4831
2474
1166
2126
2628
6789
3130
12768
5302
2598
4117
2662
2992
5719
6372
2919
652
7885
3699
11015
2196
1470
866
1424
10920
7101
9061
3917
22303
4398
6711
11851
7035
5595
5135
5367
6546
9922
5649
5826
4753
2844
929
6576
3376
1009
5529
3814
4177
21988
3181
9885
4431
10495
1106
5105
1477
5140
6186
7694
5906
4247
1614
5280
9214
9834
5320
2556
11465
7420
2787
4029
4538
5923
10218
3176
6645
4468
23687
7020
19449
7117
9011
2675
4849
2635
9464
4808
6403
6620
7911
5205
1309
1432
3373
7026
7033
3829
1428
4823
5294
5467
6538
5932
3551
7345
6550
2999
2009
10600
4080
3846
5657
3591
3352
4462
6594
7153
8479
6109
3750
3191
12841
4411
3027
6335
6626
7444
4350
10801
4523
5669
8154
6949
7578
8781
5451
9101
6483
2119
7174
7280
11425
7686
5683
4241
12091
3614
2048
14370
4190
13484
2287
4305
5878
7639
4277
3571
14095
3958
6250
2803
4784
3181
2272
5714
6194
7157
4939
2572
5911
3668
5362
5977
8361
2919
6012
9925
3218
4260
4005
5876
6276
1410
3188
3580
1453
6487
330
2975
5193
4687
7474
138
3258
2843
2736
5181
3113
3773
1473
3056
4583
3295
3437
5653
3738
2700
2452
1783
1105
3054
4281
4762
1806
5009
2502
270
2147.5
4724
6389
4696
5014
1369
6865
5488
5690
5813
6159
6296
2145
4155
1281
2422
3876
8551
6090
3777
2598
6384
1448
3219
1721
2832
2638
3250
3169
4190
3055
4084
3030
1193
3033
3424
4697
603
1381
7075
10337
2807
1538
4039
3922
2811
7243
5040
8440
3442
2299
4673
8410
2841
2578
3667
3418
2639
2426
2102
4157
7519
6200
2211
2848
6213
10268
1549
5923
12596
4524
4860
11637
4841
3778
3789
2983
2484
11421
2018
14483
8191
10372
5159
2952
7302
7615
3948
4997
11856
5971
3888
2823
6921
5002
10330
1139
1979
3377
5461
5411
5826
14636
6816
8360
7113
8374
1630
11310
3195
1053
11790
10629
7184
2152
6069
4377
5178
10144
10027
13465
4586
7497
10840
2446
8798
5201
4423
5629
3932
3440
6424
2806
2320
8235
12127
11937
10013
6602
3956
3343
2679
11995
4921
9936
5674
3348
6596
6366
7284
4087
5646
1857
1247
7265
8412
7153
5419
3099
4957
5002
2629
4556
1290
1936
5462
3574
3421
3359
4349
3954
2065
6838
4265
3263
4756
9444
11982
6187
8090
1970
6057
1885
5129
5136
3991
6235
6317
8102
10361
2790
3336
4083
9823
4400
5228
3976
6021
5731
3558
3976
7347
11415
1957
5040
5690
2829
7290
4350
4093
1929
2394
1875
2324
2282
2928
4292
2488
3952
2542
5005
3218
6146
3191
1279
2044
4852
4734
4481
5120
2581
8890
3380
2509
4138
8083
3518
2897
8400
7150
4090
822
7985
3991
6296
2437
2602
3265
2331
1679
3371
1805
3540
2724
4064
12508
5093
2469
3901
3179
7577
6300
7457
3982
882
876
1250
1506
6377
1657
2983
2630
3846
3396
2810
4190
4672
10215
3901
3894
4611
5008
6808
1600
8651
3795
1088
3444
5493
3264
4609
8555
4211
2903
8820
3243
6402
2956
7288
6109
5072
2101
4062
3570
10918
2268
75
3315
10008
2437
2272
3460
6170
4438
3010
7298
20839
2150
4838
2806
2096
6267
4204
5127
7028
1178
5646
4239
3296
4087
3362
4276
8003
5169
5292
5385
3168
3440
2621
3176
5889
5442
5893
6424
9255
9160
13121
7063
4534
12253
4342
7364
4762
3705
6284
9032
2368
5562
5791
1486
4420
10004
6378
13655
9494
6549
5633
5516
5612
8017
7535
7190
1764
1714
7266
4322
6863
12612
13186
4874
13562
2519
9670
6527
5498
6670
7828
3673
6368
6241
6273
4706
8069
9052
3595
9198
8802
5873
11179
6494
11668
12490
6795
6121
8300
3784
8319
7560
1826
1555
6454
10386
7327
6030
4632
8746
5866
9491
2162
3008
8083
2622
10150
5180
5110
3949
6776
4276
9887
6515
1815
6529
10044
8757
4491
4166
3043
7350
4648
6547
4037
8593
4685
249
4163
7901
11066
6616
3813
7470
4080.5
10024
4979
7385
6004
3829
9620
4061
2406
8087
2472
9288
8722
4688
3096
4903
3271
5110
4956
6686
1464
6492
5151
1424
8501
5124
2693
7008
3638
6558
4858
7791
5062
7924
2876
4777
6557
5690
4267
7270
4439
3189
2843
6532
10039
3968
5135
2287
2567
14159
4833
9865
12450
5606
5618
3765
2696
9054
13547
7350
5998
7005
13745
6009
3025
2595
3211
9605
3595
6902
1362
7648
3361
5682
13934
4686
8926
2169
5576
5393
3083
10121
3934
6996
10381
3910
8251
6264
4387
4813
5064
2460
8728
3033
3006
2216
5909
4363
5950
12813
3061
6152
6853
5169
1926
5596
13144
18298
3248
3537
7060
1780
10570
5758
8835
2858
1638
6246
13230
4022
4001
7452
3090
1344
1442
2259
3744
2957
2523
5911
2173
5858
6723
4560
2648
6672
5028
4207
2336
3587
8159
6928
12304
4681
13623
1480
8449
6177
8386
2232
8778
16115
6563
13905
2775
4690
5966
7542
16293
7752
7556
11325
2137
4878
3576
7102
5946
13037
4608
2777
9165
10304
7090
3107
11124
1435
5140
3935
3822
5714
3627
3907
5104
13588
16432
6366
6340
13975
8240
3898
6618
6648
16089
4949
5493
3282
8738
3723
4825
10157
4003
7608
3699
12379
9105
6365
2024
4634
9309
1991
16605
2051
3881
17360
10550
9214
7699
6006
9515
5374
5541
4786
3202
3713
11565
2427
1761
5480
3327
10499
5739
3394
3048
2046
4539
15880
5102
3407
5831
6080
5053
1709
6192
2860
4776
5162
5294
4497
72
1624
2999
1592
4625
4464
385
4168
1351
6355
8072
1428
3776
5762
7692
4384
8105
5828
3904
1344
4097
16059
11269
5638
10306
13212
5301
8388
2874
11941
2907
11609
2306
5723
2194
3630
5464
3766
15029
6409
8051
15732
5811
1963
1837
4401
2618
5178
4734
3870
5867
9913
2733
4924
2727
3518
4648
1399
7159
3492
2812
3867
6794
4993
10262
5216
7307
3401
5392
3786
2098
2358
2534
6169
4093
3430
7634
3874
5082
6741
4841
5204
3826
1500
4470
3340
8080
2591
5288
8817
3910
3525
6833
5785
4272
3345
5614
4547
15102
2897
8242
5612
4112
6900
2299
7602
3669
3889
11209
6651
2902
1819
13143
6229
4221
4651
15943
4033
5035
3529
9018
3747
4806
3289
4318
4779
3492
6467
2586
8822
8072
3380
8469
5591
8091
1659
4884
5570
9671
26934
6778
10061
4519
1908
1700
3885
7826
4486
6272
8949
3990
4448
5965
2367
5461
6664
4461
4074
3478
4412
5338
3059
8994
6999
7877
7885
1514
10460
4123
4557
11336
5863
12172
712
23204
3792
2356
6205
5784
5739
2656
2308
4346
3682
3767
6130
4352
3901
3091
9705
3680
4096
11328
5041
1882
4139
2104
1061
1506
4444
7550
2475
1499
8189
4643
7315
5494
7151
9781
110
3610
7076
5654
5365
808
3117
3254
5131
3213
4464
7112
2305
6584
3467
2539
3250
1765
3748
9110
3670
1554
5942
5616
5548
4189
3876
4278
3237
2875
6493
6087
4654
9810
2875
6897
5307
7556
2305
1717
3113
4189
6350
1355
1781
3579
4982
3794
3841
5007
4180
1924
2413
1072
3879
3622
2712
3735
3545
5002
3198
1705
4465
8067
3256
8437
7955
2562
7515
3099
937
1374
951
1408
8067
10046
5177
10025
6571
3623
4965
4393
12417
10302
7593
10887
13428
9241
7359
2777
2022
4105
3561
7725
3899
8383
3863
3433
6474
2373
13265
3897
3461
1261
6035
3703
18149
4111
4295
2267
9017
4533
4201
6108
3853
6140
3864
8076
4932
2262
8468
6250
2656
2359
746
2710
2963
2955
3006
3647
8230
1583
6929
3911
3664
7620
4375
5630
13683
4798
8945
2994
9416
6374
6158
3033
2473
4739
6193
7482
4978
4009
8510
10721
3082
1829
7966
4104
12170
2951
6385
7043
6988
2392
4133
5052
17578
6278
9269
7653
7565
3435
3119
7568
620
1500
7393
4490
10712
4350
6209
3248
11860
5430
6658
3865
5692
5147
4471
8809
5150
2656
3793
9188
3208
3312
31405
5924
7512
12229
6332
2841
8555
14771
5404
1407
4379
4203
4430
6889
6007
8743
4251
5651
1603
6377
10817
2915
2418
5789
5518
15706
7477
6676
10626
8295
4601
1438
7136
5357
4369
1863
2096
3828
5217
12386
12412
6351
5581
5306
9375
9947
7699
10760
1713
2388
2362
8885
2635
8072
6461
5056
6682
10379
6680
8769
2612
2749
3061
9310
2818
10749
4550
7617
5962
2669
8363
1841
8021
4540
3238
6235
980
4910
12255
4914
4172
4084
6498
5347
4147
6363
1884
10012
8477
2948
4145
9143
2844
2615
2432
5317
11335
7500
9495
6819
9559
9163
6825
1786
6872
7396
6890
11021
3170
11033
8306
6221
3356
7705
5244
5133
3278
12426
5635
6147
4973
10372
8470
2263
5861
8683
3899
3295
3102
6783
2537
3694
11333
3892
5040
4252
6007
2380
4157
1662
4974
1852
4902
1476
2276
2338
3753
4504
1259
12292
15701
1945
2845
2236
7966
7008
2755
12722
12766
2744
7855
5178
8220
6363
7836
9354
8899
10585
2004
7481
7451
6358
4218
7073
2290
15769
5603
2102
14289
15826
5248
7328
5595
3528
9384
2133
6202
8263
4646
7958
3480
5029
8505
8891
2669
3229
5271
6553
7585
8390
9031
3415
5480
3305
6756
3036
6497
5775
4776
10838
3905
2321
18771
2513
4198
6397
1916
27011
2392
12363
2837
6964
4829
2485
1904
3505
8700
2485
1886
3488
5812
8406
8993
20027
6869
5545
11340
6194
8817
8590
6428
2192
4168
20046
16041
1808
6799
551
3781
7908
7725
4639
9779
5439
9009
10802
8260
6851
6090
10870
2951
5119
10718
2005
5447
4476
6697
2306
7350
7510
941
5171
6855
5196
2194
1875
2863
1529
2919
2485
4264
866
3587
1705
4049
4720
2051
7014
1236
2875
1786
5770
2090
3490
7046
6697
14513
10357
1971
5188
12335
5066
4014
7710
5588
7685
5129
5893
3412
4323
20706
5428
11642
9928
4810
4676
3584
2830
5054
6634
8495
8843
10652
8054
4240
2880
7347
2373
4078
6948
9665
3195
11853
4771
3151
9237
6159
3717
8784
4894
6644
3406
1405
7293
8560
9261
3674
16057
8168
6063
2298
8699
4940
5454
3960
10861
2802
3956
3877
7303
9198
3101
7359
2262
7144
13807
2074
11636
7045
2679
5281
7487
10045
13007
6917
3009
5603
4539
8790
14388
9097
7670
2504
17907
9446
8655
7597
8622
3235
4293
8636
8157
7181
1825
6626
5578
3204
7969
8822
17033
16791
3445
1579
16202
8468
3017
4037
5200
5494
7313
7681
1730
17053
7041
2427
9796
5767
1911
8414
3135
12111
7671
2101
4656
3720
5018
3984
2437
2798
3263
5461
4454
3715
5552
7764
10211
9084
8902
5691
5436
2755
3759
5635
4498
3663
9113
3833
7108
1958
5031
4524
5007
4225
7569
5685
3998
7544
12511
1588
6161
6209
6375
2993
12634
11031
3160
2399
6409
2849
15803
20250
2289
7696
3588
9731
7246
1116
4142
5931
8117
4042
5542
2204
3637
6178
12657
6117
2671
7690
5275
3491
4309
1885
6209
10800
5103
4572
4108
2080
3516
5000
6328
1411
3049
4874
3781
5812
5482
5075
8557
12453
4762
3516
2510
8008
8290
1196
3856
4595
5031
11329
5887
4468
5893
16711
6403
4902
9763
2146
6832
6591
7279
993
10806
3839
3623
7730
6584
5892
8683
2769
6800
1633
1614
1089
5065
7063
7741
10875
6339
4364
7514
3874
10067
4323
4169
2674
4795
9754
4878
6139
1022
5742
8130
10940
3696
7886
20279
3758
9078
6432
3843
2658
6018
7363
10908
3524
4744
10345
7769
5529
3005
5001
3797
3171
4068
2369
1780
4871
8146
4936
2814
7011
1247
2784
10806
10814
6015
4661
4241
10002
7498
1652
4963
5523
4012
12454
9435
5903
4657
17837
5719
9429
6459
4118
13509
7818
6145
9348
7030
5691
7800
5130
5397
5772
9541
5555
9348
8472
4584
1889
3060
5104
1661
6605
755
916
856
835
536
6176
4798
2422
2248
7487
2404
4447
3663
3947
6317
2105
6869
4180
4878
10534
5174
1884
2316
2628
3570
3987
3692
1923
4147
4890
8101
2560
2769
5916
984
7843
4432
2718
8484
1255
1558
1512
12368
6143
3672
8504
1560
2726
8119
4239
8168
2047
10285
1445
1097
3192
4983
2363
5052
3006
1273
1070
2413
122.6
551
977
7139
2159
2687
4701
1193
3550
1658
11116
18532
2488
80.667
4489
5886
4323
2727
6402
2194
3234
8582
7804
6574
6309
9103
1498
4366
1840
10933
3420
5921
13266
2112
1984
2046
2961
2387
1365
8413
2614
2972
5034
2050
1848
1433
1860
4126
2924
2330
6443
7498
9329
4197
8063
2876
7798
6838
8591
11267
5227
15068
10358
5702
7867
4469
2383
8793
2806
7071
3541
3793
8311
2068
7775
3977
6465
3683
5470
8551
7686
6477
5484
2067
5786
722
4824
9744
1978
7645
5545
7969
5953
10632
6391
8718
1775
1955
12036
1722
11944
1225
2701
4784
3312
4292
7076
4818
8018
11298
3221
10157
8460
16578
4382
4383
8908
3525
4156
3688
8035
16104
2391
7575
7559
11004
6679
3664
25227
5638
4120
7693
7534
6393
4412
10111
9736
4111
6064
4048
2871
5092
5095
6761
3593
14960
2558
3451
3782
7035
1781
7209
4992
6122
5039
6357
9454
3948
3269
2605
12211
3507
3918
4343
8231
5730
8910
1600
4740
5159
4760
4998
2382
10037
9035
12522
3415
9892
2606
7970
3379
3770
6091
4219
11562
9692
5219
7065
4992
4736
3792
1270
1097
2275
8523
6508
2271
7138
4587
4566
2711
5738
3792
4430
1365
3451
7372
3680
2585
4038
3318
6136
3325
4110
2312
4861
2428
9058
3928
6076
6426
4920
6153
2734
3066
3181
1891
3669
4871
3773
6699
1119
3744
4128
1581
2551
6472
2392
4065
3113
3023
4340
4159
3860
7218
12746
7502
6523
6079
4398
1664
3951
4340
2643
6903
2504
5408
4078
3935
8635
5501
2191
3871
4334
3008
3685
7218
1661
861
5665
6533
759
5545
5403
4468
3630
562
9816
6323
4479
550
4459
9723
4309
7443
6354
5039
7481
7768
11822
7456
7246
9957
6725
7839
2594
9000
4183
8144
8630
8492
4912
5754
5747
12963
5031
16501
7530
5202
12857
12723
2911
2250
2845
3399
4933
7439
5463
9813
5758
5474
5806
8337
1837
1299
411
1052
942
396
191
1889
750
723
1773
5735
4178
2085
12386
7380
4347
6064
2124
1620
2929
5983
615
3509
4324
3940
4759
2582
4591
7552
3103
4274
4419
6905
5927
5105
9647
4424
10852
6991
3766
9920
5961
7165
7169
1161
1467
1151
3163
8117
8278
4810
5220
1709
1069
5343
4935
4340
4129
5965
2917
2567
2866
4507
2997
4780
3077
3582
2575
2807
1787
5407
5419
7328
7383
4017
2618
3261
2674
8212
764
4301
3218
1488
1789
7397
6401
3852
5539
1885
3895
6173
1052
3977
2715
1853
2625
8298
2018
3498
2592
8806
5563
4460
7570
5187
9458
7163
7015
5009
6154
5289
3383
9876.5
3777
1158
3335.5
3274
5621
6903
16401
3254
2119
9053
2707
9148
1700
4498
4522
7879
6287
7405
4786
9666
90
2233
4992
8278
23411
1703
7342
7983
5407
6446
12493
10979
86
8537
3402
4312
3170
6209
17503
2740
9550
6465
5692
3010
7218
8824
2359
3761
8335
3230
5572
3470
3814
3034
4486
3815
3379
6946
1244
6678
1502
4137
3007
4886
6976
1464
8557
3568
6262
2369
18637
15406
8376
9017
3150
2688
2190
7146
8157
5317
3460
2520
10226
3896
5939
5565
4111
4817
6693
6742
9995
5083
7963
3947
8819
1897
3264
2181
4792
5162
2568
5350
3276
3069
6810
5313
7390
5941
9649
4745
7679
13287
5899
8648
1379
3357
4717
1732
4394
3532
3336
1803
8402
4463
1387
5972
11629
4628
2373
3150
15352
10035
3886
84
3048
2712
3208
6791
2482
7427
9736
7975
5995
5566
6138
6565
2737
9532
3522
5615
5953
2505
20899
2734
5751
2677
4951
5881
3194
11709
3596
3847
4090
8152
5325
4784
10618
4957
2098
11355
991
7913
2348
3069
6777
5492
3625
5757
1025
4554
11060
3498
5545
9771
8728
8934
8127
7350
5854
4995
3398
1377
5905
4190
6657
7424
3970
6866
15878
2182
14122
4539
2684
4111
6203
3161
2470
3404
4967
4372
1477
2794
3291
803
1023
1420
4888
7817
2641
3408
2501
2669
2744
1987
4292
2831
6012
1553
8580
5206
2794
5314
6555
5294
7430
2335
5872
6386
3157
12811
9082
10609
6299
3784
2103
8982
6668
3847
5655
1789
2628
3842
4373
2087
2041
2469
2490
3748
5746
4865
5350
2783
2266
2584
2492
4046
4618
2807
3089
6170
7421
3051
3860
3227
5550
2129
5565
4329
6026
8353
3149
2176
3669
5316
144.21
142
130.43
2187
3270
1541
4331
1812
1643
3276
3924
5087
3222
17231
7258
875
3980
9758
144.33
4580
1171
6234
4040
3028
3760
1868
7002
3268
3163
2236
6315
6471
3897
1577
5291
2794
8115
9029
2232
7501
6431
3779
5068
2921
10100
6686
2367
3508
8527
16980
3006
5714
8875
9281
6345
2628
3172
2920
2608
3242
5263
958
2551
2559
5966
15393
4929
2302
1621
3414
3566
5090
3696
18105
2560
9786
2781
1961
2940
1748
1720
9696
8039
7860
5564
7411
19117
3190
6616
6465
6430
3427
6981
4754
1928
4687
6451
7883
3107
9844
3522
5196
2152
3652
5719
6457
3918
9843
13676
6804
5544
3309
3783
1784
8760
1555
6307
11817
5714
5288
1076
3030
3226
3889
2662
5114
3092
8132
7951
3226
5128
5990
2928
5467
4663
9235
3332
10615
4829
3328
2824
72
1311
4420
4594
2318
3336
2944
12227
5103
10771
10850
16980
3592
4570
5635
3971
4321
12608
6928
4806
6983
5122
12532
9855
5200
4472
7075
3750
3580
26685
2072
2071
15384
90
6445
6547
6372
5404
2821
15834
7200
4325
7731
5187
1137
1079
1261
851
4583
4334
1657
8240
8512
3720
5463
10709
5982
3560
9329
2853
7797
3502
3014
1063
2465
5903
1512
5979
132
7061
9277
7094
2368
3362
3261
7330
12773
6242
4554
5160
2123
1457
3669
10321
3597
5917
3752
2230
4964
2220
6962
6959
2772
7270
6380
5710
8123
3382
3930
1044
6437
2211
4847
2508
11023
3169
2124
2287
2902
1596
1750
2913
7069
2336
2287
2281
2475
2537
4221
3623
6223
5963
4269
5217
2282
7426
9373
5563
5115
3843
3769
1922
2734
3924
577
3970
6447
5756
8812
10968
3004
5658
4032
4259
2573
2411
2772
4839
2619
6045
6992
1148
2404
5089
3378
5141
4894
2657
4490
3704
4757
2026
1973
3501
4360
8278
2096
8424
3578
1612
9302
3607
2707
5012
4491
4745
5875
1181
2822
3029
4548
7618
3005
3511
5301
6993
5287
4905
3526
3520
5551
9442
1983
2855
7146
4770
8660
861
10375
3895
6086
4658
1295
2830
6669
6750
3776
4785
2038
7563
5132
10419
9233
3730
14924
5009
4334
5438
1092
6824
1636
11514
7678
4280
2614
6572
2764
2820
3043
4070
3112
2861
1519
6070
1847
5825
3087
3606
2648
3460
7456
3757
2041
4078
1520
2112
2705
3467
5097
8333
2615
5753
5270
9109
1689
2456
2375
8810
3814
4150
5648
6380
5889
3836
6085
3211
2715
9802
5481
7016
4290
2452
1518
9819
3099
5472
3027
3294
4570
5797
1802
4198
6515
4642
5237
9709
9614
4849
8151
3971
2521
11948
3438
3301
7201
2721
7268
6488
8708
6602
3177
2906
5880
1892
2410
10041
6666
3030
3853
1320
5399
21471
1679
5577
4911
3340
6805
4073
3622
2076
7505
7467
5325
3349
5482
3148
4080
3752
2970
8667
6092
11021
4740
6916
3320
7647
3399
4866
2424
7755
127.86
1184
9866
3252
14101
6029
1530
770
7991
7129
12677
3114
6860
22866
5320
10469
6587
2315
6107
4745
6717
4537
8521
5212
4483
3731
1654
2080
8247
3243
10864
70
136
9094
4671
920
3388
7319
8048
6961
7641
3858
5104
3664
5196
7849
11152
3380
1262
15677
5364
7642
4713
15098
1752
3140
4206
6587
4056
3402
6798
6203
11288
9139
14151
8405
13161
6125
6319
5577
3935
5583
2265
5061
3162
4661
5007
11607
3829
2522
5371
5640
1805
8005
2684
2720
1517
3772
5074
2159
2315
4049
4983
8574
3599
3561
3536
3231
5279
3089
2823
1571
5193
6626
3324
2283
3305
4716
5823
3440
7909
12862
8766
8268
6761
2891
6134
5699
7752
5399
3142
3906
4177
6731
8543
1303
1803
7510
7313
1364
4307
10126
2641
7802
5457
6939
4416
6472
2190
6927
2949
5305
7558
9257
5949
1914
3017
6587
6386
10846
181.8
11058
8669
5459
2763
4074
1857
4048
3815
2729
4965
16142
7754
10409
5633
3584
4414
4854
6173
3549
5687
4164
2880
11555
9537
5156
4967
8232
6713
4903
28570
7253
6703
9389
2118
10262
6225
7716
3790
12028
2976
2019
9562
4749
1583
2762
2597
8254
1028
3287
5303
2903
4020
2161
6897
6152
5220
2886
2458
3014
12097
3606
1527
1902
3865
6155
5999
8979
12397
8995
11024
2735
2961
4153
7234
7939
7780
6194
2971
3872
10472
3713
6891
2626
5987
8099
4719
3846
2470
10616
5100
3805
5724
3600
12210
6435
6800
6573
3245
1761
6608
12109
10975
7959
11910
15872
9906
2467
2711
12269
4435
4979
8131
5586
11880
5943
5586
8445
3054
7630
3819
1852
4117
6624
6532
2734
6158
6921
10481
9897
6982
7945
11064
10572
5288
1841
4366
10033
3945
5091
6654
5320
3026
10102
6412
13522
7188
3195
8022
4918
6223
5783
5395
8828
5995
2371
4950
7056
5237
5252
5525
6190
2070
5306
9217
6508
3795
4992
5687
12646
6180
6096
7987
8257
6052
5085
5126
2150
7733
3682
8458
6281
7965
11127
6532
15176
11151
6376
3598
13675
4120
7012
2165
5614
11419
9020
9236
3827
4704
1481
13770
7648
8100
3692
5061
1332
2451
65
5690
3740
138.75
10490
6734
4319
2950
7601
2441
3427
3366
13363
7481
4702
9472
5958
7432
5115
22377
11298
10685
16234
4473
4089
6652
15717
9431
6512
11951
3656
851
6767
6577
2235
9924
6796
7592
8984
10142
9153
7665
9287
4315
3939
2748
4375
9531
7637
5844
9387
9077
5984
5593
6198
6865
2214
9525
12190
8157
8281
8719
8770
18615
1305
14930
7008
5296
5225
2056
3175
3722
5893
4224
3738
2070
3098
4796
1734
2441
2172
940
3770
3408
5701
3677
3144
1077
5215
6969
1792
1143
1023
1235
3890
1680
7504
2474
3281
3928
8365
3991
2033
6476
8504
2245
4495
6890
2678
2143
10249
7522
1739
9272
2226
12611
5111
3692
2030
3867
2355
2850
5173
2143
6061
7011
5186
2954
6933
2235
4229
5505
5275
2818
8618
11431
4736
3131
2587
1955
3457
2332
1698
7096
4195
1973
5432
2138
4561
3485
4552
3801
5258
4685
8557
2258
2437
3647
4038
5298
6242
2613
1693
4175
6024
9347
2387
5802
674
3857
4335
2793
6694
4259
5556
1003
4138
3549
4027
3646
5725
5236
2678
2787
4474
1284
1671
2811
3111
2766
2049
3685
4299
5275
6341
4815
3133
4423
6667
8324
3844
2676
2813
1638
9743
9460
6222
7036
1854
2990
2272
5085
1806
3642
1109
4349
3109
4839
2254
4097
7445
9094
2164
2276
1235
3911
3134
4563
1649
4859
1592
4657
1657
1532
2894
8328
3213
3982
5716
4269
6018
10451
6235
1466
2072
3956
7055
4673
799
5301
514
824
2367
1754
4428
870
6252
4324
5145
2000
1272
4888
6956
984
10113
4059
2277
1575
2119
3214
2482
2470
5606
3763
1858
8550
5739
4650
43830
5065
3623
4730
3408
5269
6461
6175
3912
2913
1931
4570
2500
6750
4341
2181
3689
85
79
2295
3598
9805
1173
4070
3706
1427
3906
2431
4892
2950
6687
3041
6644
3761
2601
2278
4260
1503
2214
5216
11024
3430
13443
1513
1565
4162
1935
10954
7718
7657
12435
4417
1606
4064
2724
4359
2681
5166
4761
3301
2370
2939
4173
2814
3827
1494
2459
4748
6427
5207
2931
3319
3044
3079
6620
7434
4148
4793
6460
2847
5055
5708
3622
4921
4723
5374
2360
3006
2114
7029
69.5
1652
5950
1815
2114
2039
2675
6533
2389
1592
4136
1458
2435
2714
2449
743
1988
6302
3119
3364
4474
1796
3072
10904
3307
3456
1174
4713
78
73
988
3840
5039
4168
2954
5465
2677
2533
2263
6144
2304
3837
4606
1421
4423
3672
5749
531
11611
3965
5615
8799
2034
10766
4296
5081
8155
4681
3188
2644
7047
5351
1580
4027
7412
5191
3399
711
1921
3813
2018
8431
4421
6113
7257
5330
8470
8777
3473
10199
5533
9948
2431
1867
2676
5175
2632
2210
1686
4596
4979
4532
2305
1119
2317
8249
2847
6628
11438
5040
5700
2301
923
6813
3652
1660
3972
4637
4298
6772
4524
2481
2135
1818
8532
9153
1870
85
3029
7520
2087
2415
2974
3284
4929
2902
4306
3018
2626
3582
6826
3100
8600
2510
3746
2885
2774
3422
7744
3495
4519
3281
2724
2533
1794
3569
2188
5356
11162
7296
2516
3350
3683
4360
2548
2980
3740
8376
6560
2949
8414
4888
4968
3539
6713
4668
6845
8030
4733
4325
3905
11214
5019
6609
8648
6811
5029
10397
6785
6497
7408
1530
6574
2681
3223
2568
8631
5817
11239
10781
2253
7855
2967
6162
4804
4488
1841
4016
3111
2631
4411
4157
3052
6388
4579.5
7459
9112
1431
3512
8262
5032
3760
6796
2745
4234
5942
4625
3380
3385
4527
1801
1795
2993
1184
2916
4952
3010
2957
5839
2149
661
7444
1986
1932
3889
5075
2206
2152
936
1321
2770
1847
2875
1336
2820
1722
5260
3656
3198
613
907
4044
1131
4293
3772
1825
9775
1269
3326
3478
1006
3727
4146
6010
7506
6481
5952
8173
5802
4195
4724
7843
3851
4736
7742
9322
8687
7538
7203
6436
5016
2952
12007
4304
5938
7705
3617
4740
4689
10335
4800
1501
5199
3184
617
3113
9283
3105
2447
4598
3848
15968
3953
2785
6103
5966
2645
2467
6821
4205
6204
2324
3706
2144
4957
2833
7118
1978
3381
1490
8051
2668
3835
2010
9199
2603
8191
6908
2618
1865
1981
3192
2173
2387
5573
9217
7957
4566
2342
2039
15035
4875
5184
2452
5767
2114
2218
1665
11677
3936
8109
5037
3385
3375
2361
1304
3935
6577
2226
2583
2874
5154
6537
3821
3238
1316
2796
1488
2812
1874
1926
1364
3351
3052
3080
3805
1503
8630
1999
5069
5014
4666
8899
2631
4271
4126
3295
9494
1419
2575
2640
11372
603
5206
1189
5524
2776
2519
4553
1604
3222
3459
9869
3481
1803
2698
2246
4457
4770
3289
5091
4367
2476
4391
3436
6298
2003
3329
5544
3904
6922
5059
5989
3574
3519
5202
1702
3242
1579
5008
3610
2191
1231
938
1312
5229
3031
4931
1744
1915
4764
933
2666
6668
1657
3654
6450
5032
3661
5576
5553
3238
2571
3601
9999
3145
8224
1608
2396
3535
3556
5807
5658
10628
2192
2511
1890
8684
2704
720
662
2426
769
8371
7059
3213
3667
3546
216
5361
5446
7641
5081
3332
1704
11245
2582
663
6502
3389
3178
3407
2951
5696
5122
5546
2124
5839
4655
3923
107
6613
6572
12894
4299
1667
3701
1240
2251
5093
5763
3470
9509
5163
2822
2529
4209
6008
6544
2075
3115
3380
2265
4149
4343
4553
1281
3851
3093
3937
1081
2587
878
4246
4073
514
2739
4684
1753
743
6451
2685
6604
3599
4161
2980
1461
459
6013
3331
4643
2902
2369
84
86.5
71
86
1390
87
4173
2093
4367
1701
7093
1160
4548
3794
1743
4796
5864
2391
8746
2951
6116
5962
3531
5732
4731
2563
6020
2954
3173
2821
9796
6898
9933
6277
1915
3581
3753
4856
4281
3708
1566
1514
3121
7567
1468
3256
91
91
2378
4639
6394
1912
1935
1653
1976
2443
1865
3853
3113
1769
2007
2087
2539
2043
5975
3771
6526
1156
935
3171
4626
2082
70
2241
2594
2772
6234
4365
3146
4539
4871
5813
4277
4891
5338
4015
4836
3537
3719
8530
5008
6294
2091
8028
7148
4669
5974
5281
8327
2341
5644
4769
8511
3780
5364
14542
4413
7193
7728
5100
3675
3427
8747
1853
2069
2475
1240
2616
6697
1542
4421
5291
2736
4371
4096
4190
6048
3810
1762
2171
5700
7069
6470
903
2622
5078
6475
6313
8575
5341
7726
2171
2032
5347
4344
3641
6583
2159
3841
3815
2671
593
6927
4408
3847
2163
7314
2558
6781
1360
4005
2058
2403
1736
2709
4115
3849
3674
7239
6397
3152
8060
9129
6783
6964
9649
6170
2802
9284
3042
1741
2543
3505
3659
4609
3568
4587
3762
6096
6591
9279
2561
5257
3771
3301
5822
3532
5484
3261
2989
7350
12600
4204
4501
2176
915
7635
2389
6418
8307
4306
8332
6953
4629
4006
2793
3897
2076
3617
3696
3404
4618
3795
4923
8025
3418
4034
2129
1831
6691
3968
11165
4160
5044
4469
6841
11257
5560
2865
2588
8718
4288
4834
6473
2205
11082
8798
7248
6678
3769
5908
5481
2713
4064
8008
4589
2847
4954
5675
2968
136
3812
3324
4101
2288
2275
10133
4061
12320
11846
4588
8379
8949
3817
2413
2602
5448
3833
9363
6659
3131
1587
5313
1986
7836
3118
1946
3595
6858
2366
9059
14828
11071
10492
6882
1677
2312
12014
8633
1917
5518
6058
5624
6828
1538
6899
7156
13023
6397
3631
3971
4133
7885
2507
6162
1983
7079
3459
4910
5283
719
3953
3060
4181
1661
3221
5606
8422
5978
2764
795
4653
5704
5341
3350
2365
4092
5329
1403
8401
1982
3149
4690
3746
5278
5204
1539
3973
7157
8238
5760
3483
2056
4130
7273
7775
3421
4535
7517
5203
4567
4959
6037
2745
5213
5387
3624
12233
17723
3185
7329
11118
4921
7122
6828
3710
8345
8206
10753
3629
10244
2599
10216
6011
4138
4885
2790
4045
4361
7984
1364
5490
9350
6067
3823
21944
3925
8357
5605
10580
1760
2726
3696
14331
9835
4618
9760
7119
8153
3991
2658
2205
5045
9908
7296
5283
4619
2561
5034
5994
6949
6466
2519
4552
6685
10805
7123
5481
8082
15264
6505
1321
2592
10259
4964
16722
459
14422
6642
3130
3371
2204
14537
5134
4244
3982
3557
2418
8278
8501
11255
7651
5910
9632
976
8382
18125
11708
5252
2830
2730
2861
2982
8219
4833
1692
11776
4993
6477
5091
4125
5741
6274
6939
8623
2974
4268
5154
10934
3486
4079
2674
3363
3548
3314
5666
5371
5509
8185
8858
2197
14926
9946
2275
6321
2172
1748
3630
6607
5886
1795
3086
4963
12673
2475
1867
1147
2653
2523
4260
8894
1624
4673
6279
14127
8386
5015
1480
3721
11087
5932
3380
1407
3585
8104
2376
14066
2047
3544
7655
3811
1455
11439
3156
4870
8009
10439
2860
5005
2466
2438
3411
1344
4897
5094
1954
2629
2775
2634
2998
4363
3049
4433
6064
2151
5308
4601
4286
13514
492
7968
4414
7077
4264
7258
2607
3858
4487
9098
990
819
1220
3094
4413
3950
4110
3051
6076
5701
13519
10165
137
3986
3829
5326
13423
7599
6804
3638
1864
1753
4600
6401
5434
1848
8039
2218
1453
6719
6813
6063
7864
5665
5684
1932
4414
6367
4031
10970
2495
3278
2026
3565
10466
2709
5198
4416
4116
5330
6157
3969
2662
1441
2887
5111
12991
13202
2760
2230
9630
7375
2439
4305
2898
1093
2816
7877
7769
12295
13933
4482
12491
5791
6030
114
4836
2625
11918
3073
7083
4336
5984
4367
4879
1915
5982
4768
6626
2990
1741
7145
7708
8399
2004
2898
13282
7626
12302
5801
3167
11763
6032
5747
6660
4261
5256
6576
6600
11803
6237
3759
5577
5473
3096
3256
13442
7303
3043
6008
7445
12049
7851
8065
3949
2886
2079
2043
4713
2499
2292
2588
12542
9281
2131
2915
3204
7341
9372
11099
127
4407
3237
6929
4491
7401
11508
2495
3990
8806
8487
2789
14580
2511
4761
4373
11349
4683
7441
1815
1540
3782
3861
5774
10003
5435
6685
1598
4093
4261
4947
115
3343
2412
9545
6804
9081
6675
7898
5112
6586
4118
4014
2224
6762
4752
6468
17040
3070
7743
14162
17907
6768
9018
12933
5575
9221
3771
5033
2191
3594
4717
3480
1577
18166
30567
6716
13610
7005
6519
9536
3349
1471
5066
3967
7155
6818
4395
3428
9195
3988
3790
9525
1206
14921
2135
20370
3839
9430
9803
6348
11750
5579
7698
5009
7003
4528
3664
9942
2969
17176
5552
9807
12338
12565
4686
7538
10368
8191
4247
7238
5248
3751
16260
5493
4451
7368
1477
5509
5113
2865
10160
8236
2060
8242
5340
9405
10070
7655
5176
4695
5169
6792
4850
3656
2970
6704
15115
7161
3934
10704
6100
3209
4144
7102
9121
2807
4971
5751
6780
2350
2692
2418
2629
1464
5554
1717
6033
5907
8197
4017
5975
12498
4784
8028
3941
3080
14193
1.1833e+05
15446
11349
5310
3328
3004
7901
4765
9582
6274
21586
3162
22520
5376
4046
23761
3125
8211
6144
11714
11974
6816
7156
5066
4330
2504
5758
3583
3958
5152
2822
5997
7438
3856
6031
4893
9827
6053
4250
9527
6917
21324
6580
12692
7105
12761
9228
9164
2722
4245
1977
6007
3027
7925
10958
4296
10496
10437
4915
5552
4593
5125
2914
1987
5835
12810
1103
22528
7598
6808
7595
3242
7642
10381
3851
2164
3299
11893
5996
7781
9098
16376
2916
23220
11696
4885
2120
2645
10382
11380
14373
12268
1915
10282
3110
6079
1209
9262
9888
6798
4707
6708
4656
4721
10832
4391
11559
19258
2841
4383
5254
10444
13007
12220
8335
6062
9416
3919
17315
1742
3182
3628
5463
5092
5958
4767
6442
15595
4357
2488
6562
2692
3136
5184
5098
8676
4727
9290
5867
6982
3379
2323
6458
7685
2983
1703
3412
2500
2049
1454
2023
3109
6531
2760
3396
5205
8136
6119
3411
4368
4079
5886
8261
4734
2464
17910
5331
3354
2578
9731
1753
5694
5091
7554
3429
7240
4124
2719
4284
5516
1748
8891
11501
11065
9953
6926
9895
9124
6162
9321
5329
7009
3364
3935
12594
3945
4938
6865
5829
5650
12691
5360
2611
4130
3851
5171
2246
9660
3806
6929
80
70
3298
3378
2850
6034
11341
2972
2448
7177
3052
13434
3698
4687
6998
6047
276
251.5
9441
9352
3819
4013
7129
13896
5970
4743
19624
7514
264
4783
11901
6049
1234
4051
11733
5362
3726
4771
2037
6877
4638
7410
1176
13443
9516
642
6514
2347
11477
3709
7767
7474
3144
12357
4459
2772
13592
10686
3781
5695
12182
14413
7581
2650
3147
6638
2451
8200
5279
4818
2114
1921
2253
4659
2928
2948
3839
5831
5671
1555
2698
2746
2710
4896
5572
2044
2369
6617
2242
4032
7055
2693
1824
4520
4761
75
70.714
72
2299
3716
2391
754
3364
4509
823
1127
513
4738
1832
2071
4081
8864
8753
5386
7886
3173
2415
1925
2840
4149
4240
5920
7668
4943
2677
2851
3980
5759
7523
1471
11893
7446
1702
4535
3754
3920
5370
5359
3601
6579
10942
6900
3357
6953
6292
6228
6377
2593
3365
3216
11342
5190
6278
1820
7078
3361
3851
6628
7894
237
2175
1141
5029
2928
3861
4039
3185
3929
5053
2376
4567
11366
3489
2092
3351
4109
6708
1123
5495
5188
959
1592
2504
751
872
748
756
2847
930
10096
5327
4474
3429
4190
6008
3964
3823
729
1665
5701
1233
693
3314
3605
2976
1318
3791
1385
3092
5415
5705
6426
6103
9417
5102
2584
4630
2623
4567
2342
9457
4342
2442
2503
1771
5457
1646
2900
2656
778
3894
6664
3252
1762
2755
4228
10529
2966
5389
2325
7929
3226
3380
1348
4412
1631
2646
8990
6015
9212
2240
3608
6024
702
9307
7812
1739
7859
8789
1199
3784
1517
2757
3248
2739
5214
2815
566
2045
6531
3927
1294
4093
1966
4122
4243
6962
7947
1961
2813
12624
3195
2236
6400
2429
4930
3393
3738
7164
11621
4565
3796
14119
12933
3951
10674
3465
2542
2682
3223
5943
2737
7044
4683
2496
2852
4981
1320
5206
4017
4984
2062
9079
4538
577
596
2467
2613
6117
1717
2764
2266
1382
630
2405
1883
1641
876
4066
4213
2928
2769
1301
5856
2402
2832
7543
2336
7520
3220
2368
4106
6714
5286
5982
3520
4822
3618
7684
8447
6657
7044
8945
3726
4092
5405
9340
89
90
5579
4722
6957
4305
2440
1686
4737
4576
1837
3529
4726
2084
7133
1207
2458
6320
8286
8317
6997
12582
6181
9024
3972
1975
2604
3024
2928
2724
3112
5418
5855
1383
2686
5164
5413
5619
7106
9285
10585
3942
5089
7641
13320
2038
5126
9404
2675
6466
3459
6723
9808
3381
1750
5105
4424
2142
14705
1023
3785
2595
4051
4237
4702
4831
3436
13281
4480
1956
3457
1562
2668
6610
10974
1843
1094
2523
4707
2449
6299
1124
7610
3335
2653
2244
5955
1776
4679
5304
3105
6018
2453
3044
1723
4802
2010
3549
5863
6611
2360
4194
3152
7940
7812
6682
2306
6235
3086
8732
1600
1199
5937
2043
5429
6349
3436
7063
9056
4865
8869
3395
5694
3339
7717
4248
1330
2068
8751
2019
5901
8294
1723
1346
11461
1315
3353
8070
4614
2545
6349
3062
4495
8010
13197
3513
6177
21702
3336
4299
5647
6840
3860
15574
7312
2450
1169
9030
6408
5118
7652
7708
7923
15883
9343
10292
9685
8000
4595
2515
19794
5102
5558
5823
1495
1769
9619
3599
13175
8611
6117
4267
13004
8602
7278
6124
1164
830
551
5660
3564
2988
6814
5266
2738
6345
7271
6833
11112
1821
4886
1908
5760
11905
2490
4251
11296
11941
6922
3108
8110
8926
6063
6705
2529
4409
6928
2732
3471
6797
10015
5771
8525
9998
6796
5340
5386
3316
7238
7605
9353
1807
5315
11660
13718
1448
8031
4354
9035
4741
3212
7527
4418
22361
20042
3641
5262
8772
8670
5596
2214
2089
9843
4431
1965
6943
2846
3429
1553
3494
6988
7323
5195
5621
7315
3963
4620
5542
3339
1154
6245
3602
5112
10374
2889
11407
4953
5325
5332
7556
2879
4730
2447
7219
3838
1754
2949
1099
8462
4713
11336
7318
6641
3778
1335
3847
4107
12389
1219
3269
904
6554
4715
4020
610
2086
1360
5176
2481
3796
8864
1109
1545
1753
9388
5279
2590
5137
7323
4193
7059
2544
8507
15818
867
886
4555
6435
9706
7152
3357
10782
4319
5431
3448
1102
811
11590
7693
5091
10818
12641
1462
4320
3028
6968
995
7977
4899
3014
10327
4480
2240
6721
96
3783
7878
3067
7170
3259
3315
975
5394
9903
3969
2114
7047
6329
6586
3079
5984
1700
3019
4557
3122
5531
4450
6820
2695
6258
6793
10094
4822
2697
3447
6170
3805
5693
2113
6090
12038
5002
11809
8587
2453
5289
8523
5427
4603
6006
5869
2405
7338
3412
3020
10121
10014
5990
4375
3477
3519
8959
2050
5577
4070
8009
1050
1759
5061
1915
6760
2783
4082
4700
7143
2532
6157
5450
3042
5652
2573
826
9370
6268
2203
1099
12238
2329
2102
1157
4487
4296
5968
1828
7042
3710
4371
2203
2194
6758
2977
5014
6699
1929
9998
3025
2348
1583
4326
8166
6490
2430
5784
8030
1555.5
1896
2818
2545
3242
5496
1251
7461
3761
4787
93
95
6945
4456
5457
2515
3763
10849
6190
16389
19998
6021
4770
5538
2961
3989
4147
10030
3092
9585
6451
2596
5463
10525
4715
4565
1235
4041
6577
3250
5082
3280
5341
5412
1270
7531
486
926
1778
3706
2451
1416
2026
7548
5817
1742
4082
2821
3650
5973
2943
3381
4545
1877
953
2388
1455
4622
12135
5821
8562
2864
3232
6435
7330
8677
6751
4908
5678
5753
8318
10019
1051
6512
1815
7136
5098
5051
5728
12069
3578
4242
8584
12817
4886
4938
5305
3173
5850
6893
5350
5165
2461
6872
3102
3153
7689
4951
9421
3321
7252
5344
9442
4276
1796
3071
3159
1361
3320
2301
2990
4488
3021
6107
2938
7515
11845
9130
3377
5518
7163
4264
3567
6952
12902
1464
3837
3575
6758
2578
4514
6983
18864
5365
10808
6019
2332
5477
8733
2720
4234
3608
10403
5348
1889
1799
4676
4540
3778
3939
3000
8378
1233
4213
3483
5572
2064
1712
5446
10165
4904
5546
8833
6698
5709
1650
4046
5667
2848
7847
3562
5478
3720
6883
8180
5273
4996
1769
3572
4798
3815
8262
11707
7869
5897
5383
5598
4159
5712
4690
4353
3034
3704
11276
3562
6056
4776
5152
11269
13405
6232
3785
5634
7420
3272
3074
3469
6528
5820
8709
3697
5965
8326
2486
9590
9564
3660
10536
6349
2899
10352
4704
5010
11976
4802
1174
3751
4413
6132
5294
4364
3966
6695
5005
7664
9760
15270
9033
4396
11182
7439
3748
10674
10723
3072
8277
5796
6476
4314
8338
7106
3989
6075
5343
15744
5223
10017
7481
6256
7720
3214
6467
3655
2151
3936
151
138
5872
1912
3365
2409
4514
3457
6883
6606
6579
10992
7378
8159
1301
17350
5507
2891
4966
1940
6762
2943
4411
6981
5287
3172
10930
6767
2663
3273
3910
5257
5285
3106
7609
4442
1105
6507
1813
5393
12673
7352
6651
7201
8890
3769
2731
3733
3883
3061
4247
5622
9057
1824
2960
982
3128
1360
2756
4754
9819
691
10019
5867
7065
5981
6282
4366
7645
7735
14901
5521
440
9796
2410
3417
2197
4586
6153
1481
11071
3236
662
6373
13888
3635
5624
6644
1977
8017
7641
5304
3683
2434
2773
5499
4576
5731
6865
1781
2156
4356
4813
6659
1425
2582
2747
4561
2929
6910
16225
4669
5084
7458
6083
6742
5200
3163
4545
3261
3900
5245
4525
7300
10368
4826
3461
7650
5767
3712
2030
2188
3132
4545
2406
3677
4009
3677
1639
2197
6319
3242
8192
5112
3913
8755
2111
6641
11924
5688
7096
1578
2928
2180
3686
3161
2309
3768
1912
5648
2247
2536
4903
1824
3539
5726
4793
13872
5055
3367
5011
1168
9161
10588
4734
9654
3318
3783
2344
4056
4543
5921
5462
902
5730
5676
5488
3396
9507
6012
11218
7758
3038
4066
4670
6660
9278
6594
2413
9576
1175
7033
8947
2595
14147
13956
3148
3589
8608
5249
4717
3068
3859
5321
1640
5439
14629
4430
2193
1784
9172
9095
8726
10693
11647
5850
7032
4740
3090
7038
4001
2522
10016
7222
13359
10779
1612
7512
5841
3667
1679
6136
5109
16659
10862
5171
9990
11574
3106
3074
6490
4966
3478
6674
4425
4160
1158
5635
2261
5217
3666
6288
11274
9408
5897
5168
4495
2249
6005
4923
10978
6396
3102
7416
2682
9550
5902
7179
12148
11877
7895
3766
6972
2528
5762
12109
3021
6021
2991
6111
4853
5305
3905
3752
10327
7941
8072
6431
5130
7818
7138
6091
8279
2087
10367
7145
9384
5333
7097
2730
4615
2202
2445
2172
8006
6058
7903
8727
1889
2983
4684
3370
5093
11853
3049
1770
6210
2953
3430
1373
3793
4168
8451
8938
5868
5507
10495
5438
3596
6223
4030
4698
8873
22166
11732
4395
24490
3499
6447
3496
9925
5728
10574
2702
4191
4048
6592
13705
2848
7357
3329
1789
3809
2763
10944
3596
4899
2186
6154
10056
5818
4697
6860
2417
4459
3988
2717
4327
7811
4102
1927
1506
4504
3212
9395
9738
7912
1978
3814
9733
5376
8533
3427
5340
2312
7038
2715
9562
5675
6827
13270
8425
4367
6515
8565
4180
6005
5283
7992
5984
2359
10114
5786
6956
7839
5095
7532
7819
3727
5045
3160
9829
6315
4421
4072
2917
5382
8177
845
3905
3451
14596
9229
3740
13706
3147
2584
11895
6027
11982
12496
5294
4768
3480
11297
3526
4087
5487
7646
4227
4340
8568
6806
3478
5703
1848
3475
6024
6256
7296
4482
3668
8413
4901
3635
3440
11676
5747
4131
2617
12619
1795
2815
1608
2764
11727
1668
9989
6237
5489
10576
9566
7173
2139
9627
6414
4627
1254
5048
1182
5581
8729
6554
1940
3838
5117
3569
9032
1504
2236
5288
7645
7175
8457
7865
9413
330
12447
4183
4869
3745
3082
3275
2418
4647
9103
541
5730
4851
3113
7928
4458
16919
5841
7782
6032
2326
5593
8572
9953
13299
3473
4808
5499
10147
8680
10614
3585
9646
9411
3234
3811
5957
3922
3675
1370
5871
8440
7783
7695
12054
3586
9196
4321
3816
8140
10546
8650
10212
2408
2034
11441
5975
6090
4753
5207
5730
3464
6552
1362
5453
8257
6597
4290
3146
1915
6620
4532
1681
10366
5901
4700
12623
8668
4122
7169
11769
5802
2151
3405
6040
2353
6133
180.75
2997
4686
9151
1060
12292
1554
618
5938
25536
9535
7454
3663
9596
9202
7355
3368
6228
6013
8448
2062
5940
10099
4561
4818
3141
11088
5128
2197
8086
21325
11297
7887
2432
7978
1246
11291
5347
1789
5976
2201
4446
6270
7035
5114
3211
11001
9112
8025
7474
2977
8692
5892
2804
6390
10905
5086
940
4305
2644
7425
2418
15155
3623
4970
4293
4022
4145
5000
6013
8361
9857
4239
2026
3442
4682
4834
8184
125
571
5871
7721
7067
7058
9624
7276
6174
2686
13968
13106
3159
3538
4686
18118
13591
2836
4036
8724
2177
3476
2408
2319
2943
5332
2120
1003
5324
5509
7923
5823
3673
4513
9198
8898
2655
1280
2180
8499
6184
2150
5776
4177
6292
9315
6048
10593
3321
3846
5562
6614
7827
10905
8166
2221
2801
7177
5583
7570
4573
4817
2980
6855
1359
1250
7465
7828
5586
3059
3785
10982
6622
4816
4921
10032
9700
4032
10511
8162
2128
9584
6428
6381
7332
4353
7494
4699
7483
9041
3434
6909
10269
12428
2770
1947
3704
9027
6297
4217
4533
6035
4871
5144
8873
6713
6082
3259
2464
4045
5245
12204
9835
6594
8558
4728
12956
2282
10862
8240
7225
11199
4454
7150
1694
7965
10087
4446
3581
4030
6524
18170
4714
2483
3138
7625
4541
4941
8917
2470
3176
7169
5725
1318
9732
5563
6259
4420
7045
11762
5347
8640
5939
4643
5439
4306
4685
1258
7759
7875
5901
1932
11432
7032
982
1066
836
1436
2072
8070
7785
3227
8361
2359
6585
3258
12041
3373
3259
6632
2183
1296
2538
2219
1500
9819
5717
5034
6565
7127
7178
4542
5154
3491
2740
1173
1908
4062
5685
9508
4003
13159
3741
7471
1431
9367
1943
18960
5115
9938
12403
10101
4588
6981
2025
3671
4551
9145
4332
6768
3566
3853
2774
4721
3713
4866
4461
16915
7908
9816
9496
10733
7354
2397
2435
3184
3477
2173
2288
5498
4848
11371
5793
4766
217
8634
2321
13215
2083
15205
4011
5510
6313
2111
11115
6312
10684
5424
7430
14067
4117
4863
2453
6483
5398
4548
4226
13078
2994
5243
5213
790
6144
6480
6257
8422
10069
2607
3383
9444
5819
16474
4654
7579
3895
6203
6117
11112
3328
4319
3478
7635
6096
3084
5361
3393
1617
5219
1936
5228
3873
2043
6127
7297
7802
3444
4250
12325
2287
4083
18212
7363
5024
2019
923
5725
6833
9938
11375
11950
2515
9756
5748
3556
3768
3034
4711
2797
4829
20470
3432
6775
6591
8247
3958
8794
16439
16066
11621
4482
5023
8792
4621
8294
7015
4944
5925
9645
8560
1941
9712
5028
13916
3182
7030
6294
3730
6627
5603
11007
2536
7860
14153
7787
10119
8385
3068
6265
9085
6058
7677
8433
2605
6694
4238
4712
10759
6607
4593
15018
2341
7789
4932
10288
11573
4269
6593
9333
1513
4200
4390
2032
5058
2708
3600
7562
3628
8857
5766
3724
5264
2954
5593
3459
8941
7880
9243
3730
4493
2509
10868
12005
4808
4180
6427
3872
2958
7522
6750
12156
10114
5110
5624
7755
8105
8741
2981
6865
2775
1320
5396
3601
2810
7132
5529
9599
7040
7817
6831
2423
2675
3466
9966
2708
3193
1426
10952
4703
3116
2899
6134
4844
4567
7361
2580
2781
3388
8080
16730
6724
5218
9807
2953
16168
1707
12203
9701
8383
9493
7678
8182
2766
3658
5116
7267
9577
3560
3009
6001
5276
4616
6557
4529
6494
1954
1394
1451
2801
3581
1922
1858
5863
1880
4317
5506
2891
5187
17784
2385
2857
6498
12097
2462
5839
3324
2163
3361
6863
16475
17500
4074
10868
4849
1699
10537
2133
6167
5928
12379
7780
4172
15642
2785
5545
6792
9324
9855
5718
9778
3269
4845
3576
7702
6763
5011
9137
13208
14887
6060
1135
2694
8421
3837
6265
12529
15146
9233
7039
5724
11864
7174
13550
7714
3961
2612
6563
8153
4397
5223
4739
7731
4194
5572
3014
5871
3431
8516
4702
4622
3011
3391
8245
6202
5257
10056
4349
18566
7910
6010
2969
1174
3791
6652
2695
1570
894
3868
1809
4728
6578
8823
9292
7716
5763
6493
4768
3273
9648
15882
9752
3806
4586
4847
1006
5501
4774
7540
2249
5434
7537
3740
8567
4312
3777
4807
5748
10948
18240
14697
3006
10791
5784
2558
2244
1530
2363
7932
4159
12438
6034
1216
12628
6511
3637
11977
6143
2621
2467
2659
4913
5855
5067
4197
1760
6860
6215
8697
9105
3455
7904
3429
4066
2958
2803
5051
6514
138
6944
7230
3058
7310
6842
7977
7189
3182
9042
6154
5508
14179
4883
4605
5107
11461
1037
4709
2736
5127
11284
5449
4204
7185
4908
2676
14831
6956
1993
5232
4660
9598
9053
3106
5676
4019
4459
4934
4201
5071
10410
12089
8092
4314
2811
8833
6508
7246
12437
7938
7422
15266
5502
6671
8801
1416
7794
8851
4182
17272
3568
4304
5698
8125
13593
5222
11815
8279
4282
7656
8579
12475
3598
4222
9951
31750
10816
6113
3246
3289
5813
4205
3894
2189
8892
3198
2464
10956
4617
13579
9591
8231
2281
3111
5468
7325
4254
3550
2098
9350
6057
5000
6920
6911
4319
3635
7190
9007
9064
10664
13196
3493
1940
3938
1936
6351
6024
11125
6674
14273
8502
3192
2688
12788
4475
7799
8091
6856
2923
4329
1472
2405
11297
2550
5126
6733
2414
3164
10063
12764
5661
3681
3291
1757
10963
7201
2218
9214
5741
5265
7171
1576
3511
17730
1971
4966
7835
8778
6174
12173
2965
6808
2387
7046
3958
4616
2039
3042
7049
7961
3284
3138
4601
4751
8830
4011
14669
3155
3203
2273
1204
6497
740
3850
3532
3852
4513
4544
3302
2156
3018
11750
11385
691
3454
4784
4023
1886
3502
1488
4096
7675
1605
8436
3422
1799
89
2274
7089
4631
2596
6073
6186
5641
6047
6818
4834
3961
6021
5930
5051
13347
9172
3701
5375
7232
656
8118
6900
8714
6089
7164
1480
1075
1232
4381
8722
2041
15047
7216
4721
4419
6069
1211
7606
5324
12889
8606
4640
5934
5151
7137
1757
4391
6150
3269
11278
3184
4544
9043
10258
5409
3631
6417
4411
3127
2604
6145
5427
4993
4479
6980
14537
4831
5239
12406
7636
6543
7213
10497
6755
8492
3930
5637
5267
10586
3804
2913
8604
10509
7710
3220
6584
6368
6161
4567
2672
1738
1938
6507
1172
4731
2414
5082
2010
8553
3096
8847
3932
5153
8086
3421
1519
10580
14334
12816
2310
7231
3127
6079
4621
10965
1493
3828
1986
5577
9083
3301
7977
6424
2019
14139
1164
1623
201
2440
2094
6128
2018
10272
2270
7572
4055
7099
3973
2852
668
2039
5954
5660
5348
4211
1979
3296
5218
4357
3290
4852
4686
4829
15242
2065
1875
5154
2357
3797
2769
4355
1768
5119
4407
4821
4536
5804
2440
4927
6080
7701
1510
2144
3878
7924
2947
3750
2763
3883
7687
5911
9480
6235
10690
1192
5495
7664
11473
12822
2957
8955
4780
6586
846
8849
5817
4198
5565
7338
12803
79
68
4682
5686
5898
4989
2318
2187
3447
4304
5877
3877
3226
4118
3994
2451
4231
5780
1727
2194
10418
8898
1932
8016
4579
4531
1962
1736
9443
2351
1762
4690
1254
17254
11356
3237
10093
5836
2780
4701
2107
2887
8245
9052
1800
1321
4815
4378
3997
10359
8426
10975
2033
8489
8300
10686
5368
1865
3480
2471
6490
3078
3033
2232
16487
3444
3637
4677
5618
11016
2134
3181
4633
4361
5446
2344
3287
4774
3358
4876
4996
4521
4919
5525
3082
4394
4134
2476
4328
1447
5345
732
415
834
1668
785
898
865
777
1034
6748
6398
5547
5658
3753
4732
1274
2255
1100
2239
820
5290
4007
3122
790
2107
1328
1235
1639
3135
4835
5495
6819.7
3175.6
1003.9
7236.1
1950.5
4020.4
4176.8
1768.9
1180.1
2651.4
1632.3
3671.9
2509.1
2200.4
4366.1
5497.5
6786.6
4603.9
1606.3
2975
8403.6
4281
4393.7
5214.9
1888
4035
2085.4
3852.9
2018
8053.6
3359.1
2715.3
1356
4893
2353
8449.3
691
1140
4857.5
2539.7
1151.5
4644.3
3323.4
593
1649
2564.1
2745
3343.6
2422.5
2722.9
955
6823.9
76
78
1724.1
1779
1737
1630.9
1002.1
2292.1
1211.8
1312.7
9155.3
5331.6
1297.4
2474.9
3529.6
3735.3
2716.4
2798.4
3893.9
1007.9
1103
2538
1942
4849.5
5300.4
1112
2560
2473
2521
1796.6
67
4825.4
2954.5
6927
5418.1
4686
5561.7
1583.5
2750.5
11100
3694.5
1345
4261
5073.8
2617.7
3631
1300.7
2077
4417.6
1854
9163.6
1280
1260
1326
1436.7
6661.2
3627.7
1528.4
2045.9
1858
6320.9
2000
4597.5
3281.5
4807.3
2524.6
6173.9
4011.6
5748
2798.6
6693.6
3962.5
2845
1171
1817.7
3995
1818.4
3115
2952
4620
5008.8
2728
3090
2588.3
2608.3
1876
7013
2716
2267
9870
6788
13049
2327
9905
1637
4712
1914
4551
1277
9844
1580
6766
3306
7410
6789
2675
4458
2554
1501
3046
2958
10628
6692
6826
2738
6618
2369
6239
3576
5283
2985
4067
1810
7340
2190
3126
10167
2977
2737
3462
6575
619
12385
4036
9451
2352
3756
2172
12593
7419
5174
3270
2986
3811
1095
3302
4329
6170
2523
5648
2025
2858
637
3278
2248
5300
9286
6852
1113
2110
7732
8997
2974
2157
550
1123
1704
1072
3499
3314
1089
2058
2212
5628
2539
6421
9024
4262
12251
7503
2453
9559
8083
2236
5655
3053
2867
8517
3663
4616
1880
2631
1284
14431
3917
956
4425
3561
3433
2796
2053
2556
5459
3100
4298
6423
3194
8191
5961
4651
4264
3706
2843
3366
9041
2965
3595
6751
3749
1733
2247
6149
17454
3650
5057
7510
6908
992
1019
2170
6259
8164
4223
8463
5743
4897
3167
4800
7081
41453
5739
3078
16416
6870
3075
4665
527
5796
10378
2402
7083
10589
4343
6565
9051
12800
2807
12071
5944
3604
9563
12476
1922
5123
8906
11417
8785
7542
13252
872
5964
4649
3042
4102
6053
8722
6904
10613
7331
4686
3378
9635
2153
8469
4017
7105
7655
2206
13128
1994
2545
3633
1999
9770
4826
2992
4548
4708
3772
4290
5072
8329
8679
18602
9544
9786
7227
7456
5187
13719
2540
21793
8076
1458
10870
8126
5765
11731
9238
5808
3762
6369
3924
5453
2046
6839
3926
5774
7116
8587
5325
1842
7721
3761
5121
6432
6944
4481
2014
7056
5519
3608
3260
5940
2130
7620
3523
1067
3922
12417
4819
6553
7411
3201
6973
11575
15461
13318
7309
3816
4111
3326
11498
5909
2840
2656
5556
1033
4093
5025
4676
2001
12496
2517
7766
5514
3037
2702
3137
3270
2728
2228
6723
7595
5946
2741
6737
3311
2690
795
3179
3508
5678
7229
9066
10032
4640
5111
6131
10247
4394
7448
4166
8294
2339
5293
16387
3106
2633
767
8968
4468
9992
2868
11099
5486
8703
5708
9297
4664
5304
1832
4673
2680
5023
4290
10356
8741
1496
9602
5614
4937
2086
7194
9774
6027
7175
2222
3119
11224
1847
6178
737
1926
14405
4820
9009
17636
1217
5853
6320
8598
4563
5758
5163
2646
2255
8643
4538
2832
3715
2152
10362
7396
4945
8741
3090
2225
13629
45649
3030
3823
8474
21564
5295
11532
2736
16334
11121
4198
9985
8894
7481
11123
5390
2949
2790
3336
6561
4089
6854
18985
5794
4374
4929
1375
2189
9958
2312
5752
7522
9419
2573
17368
10384
3104
8243
7478
15159
4226
2797
5788
4223
4032
6397
10259
4169
5388
3174
6029
2256
2038
6476
4151
4491
11908
5392
5060
5542
2773
4961
3160
2281
8843
9588
4458
7805
1960
3845
6955
2006
5773
8998
2211
3372
6639
9207
6129
7011
6120
4707
12045
13407
6745
6960
8977
5811
12572
4981
3256
3707
7619
1838
5544
7072
5805
3114
5756
3990
4134
3557
2728
3857
5297
7805
6714
3232
6885
4891
3556
8727
10923
13867
6489
5048
3561
9686
2500
2644
2473
2854
3662
2224
2845
1160
6661
16417
16827
2033
3997
9898
15156
9257
6234
15992
4074
10245
2711
1730
6913
7524
4159
5956
892
3516
3550
9369
8100
4457
3837
7541
4641
3421
5520
1496
2066
4306
1747
1707
2411
2550
3707
2307
2323
8661
4020
11674
5050
3340
10853
1982
6065
6046
5326
10192
4172
6820
1905
4152
3376
3888
6828
4694
14928
2594
4987
1433
5169
1898
5827
5889
5698
3246
4847
6728
6012
3609
9767
3597
2864
4348
5636
7801
3665
8921
7532
9239
3248
5332
3534
4943
1819
2613
7844
4713
3958
12587
857
4487
4955
3667
1458
4120
3707
8159
10113
5252
4068
3769
5209
7323
4429
4749
9065
8653
8196
4917
5803
134
137
1427
13530
4538
1653
4466
11797
9538
4177
4577
18580
9784
4951
3119
9944
14304
1842
12961
5235
6155
2157
2762
3901
4101
1132
5586
6556
2845
8652
10688
4574
3502
5899
3992
3195
3548
2871
9128
5618
1732
3885
2501
10418
1868
9818
2576
1950
3414
2490
2342
7053
3542
5067
4815
1626
2485
3693
558
2289
1273
4693
6542
6902
3191
4542
2197
7315
6498
4529
3084
8953
706
2441
6112
2004
2028
3641
6878
1634
3745
2716
5042
2022
4457
4261
5547
7206
1023
8631
9643
4547
9988
6268
8897
22870
6748
9371
8062
8115
9417
1023
4979
7494
5552
4710
5081
4583
12217
4237
5708
1625
8715
10436
6765
6841
4341
18177
4074
6204
7130
4791
7849
4462
12260
6852
7135
2483
2663
3055
5247
11151
5271
2547
6629
11151
4040
3712
4519
4520
3710
1895
1888
4455
9139
9096
2548
4798
3016
4663
13218
80
6276
2557
3979
2854
2381
5914
4250
2288
6683
3505
6056
2717
8401
6731
4891
1116
2699
10299
2147
5420
2807
4387
4722
4086
2475
1568
3255
3397
3828
4824
1984
6556
2003
3318
3412
1191
3715
5478
833
8954
3353
3532
1726
5065
2857
6709
988
1330
8843
6413
8894
2802
4587
994
3730
17130
3933
3190
1539
2704
5671
5510
2893
1795
18329
2236
3696
11098
2312
5926
962
2729
2674
4574
7561
4835
6564
3538
3377
12642
3724
6341
4421
3655
8295
9794
2794
9049
4318
6351
8467
5436
8409
5800
5481
3382
5299
8140
7939
5677
4961
2837
967
3404
3875
11351
4014
6481
7995
7396
15782
5252
8644
4280
6640
4077
7109
8386
1889
6742
3005
7035
1943
5555
3366
5214
9917
4591
6364
9851
4435
3021
5897
5793
4987
1871
6500
4036
3420
15866
3683
3662
6749
4537
6188
9280
789
8326
4375
3933
752
2496
4311
6899
4125
6392
3011
6622
4759
1829
3958
3058
2921
4624
2129
2827
12878
6888
16372
3718
9466
3249
7109
3660
3325
2539
9930
2313
5195
6063
6999
7623
8015
2526
177
1713
8788
3093
9223
6302
4034
4815
12464
8235
4999
16386
6249
2197
2527
15220
6271
6285
10588
5869
5148
2913
4447
1818
6547
7356
4961
4129
10767
5355
11917
3923
585
4228
2564
8020
3306
6430
3482
4733
5818
8436
10308
3548
4522
3277
3594
3687
6394
3831
3182
7170
3233
8260
5336
2734
21137
8430
3332
2735
1919
4649
6876
4184
1256
2191
3440
2097
4846
6031
1979
3479
7017
5953
6404
9339
2938
7590
3774
2005
11032
4448
4200
5198
5411
4026
2716
3535
6740
8292
6024
13574
9643
3650
13132
4371
11813
7788
4202
9218
14981
5006
6987
7094
6667
5222
5385
4004
9726
10805
8111
10792
6710
7062
18700
4894
6784
4681
478
444
2169
6883
6383
5776
14186
4162
3701
2802
5209
8795
5033
4803
3367
5202
7438
5685
14668
10988
1445
5190
7812
6735
6679
6784
5692
7905
2409
12010
3301
12470
5051
3173
15210
4148
6580
6869
4382
7816
5706
5731
2211
6911
2063
3287
8278
8784
2266
4514
3189
7471
4165
5613
6942
2896
6110
7671
3317
5072
4855
1324
6580
5158
2625
3538
4532
2630
5707
7064
8147
3271
4149
9351
2438
15960
1762
4380
7864
4307
5579
7052
3294
4269
7928
4808
4473
6616
4031
4408
2165
4435
5390
2126
5819
3972
13770
13220
4905
6634
11112
7257
5421
1984
8982
2595
3232
2750
4516
3768
5634
7657
5606
4846
1868
2046
3347
9464
2760
9602
1073
5795
3767
1690
4809
10686
6114
12698
540
12609
6326
4459
6913
10044
3261
3691
4757
2474
5475
10799
11852
6276
7133
10041
4106
3144
6641
2462
6055
15250
9551
8985
2178
15416
6824
6606
5805
2282
7307
7615
5090
4391
1191
2342
6616
3869
3398
2931
7833
5866
3279
3455
7594
4943
5390
4778
6165
4131
5783
5654
12738
7393
13632
3130
6164
3368
2282
3408
4629
7425
1704
3753
5808
7239
9942
2510
5974
1247
78
7779
7024
10970
12058
10499
9404
10026
3878
1931
2113
6377
8831
5321
8998
9090
2982
607
4378
4052
7156
4543
15696
5002
4216
2362
3232
1819
8341
10216
15008
11023
1396
3720
4214
1866
4610
5065
5922
2508
5528
2310
2123
3010
6336
6792
12115
3117
4681
6156
3507
5870
6408
3977
6269
13527
7618
8281
5603
2648
5313
4875
7136
7866
4399
5685
3137
3334
9715
6295
4528
4460
6391
3197
6938
4027
4852
5599
11898
2930
16716
3066
6361
1711
5054
6031
5820
4752
8555
7393
6060
8042
5548
13085
4003
6426
5851
3997
4065
1776
3654
6191
12366
3818
9777
6708
7202
7117
6005
4439
6783
13728
3579
7024
11072
6431
5246
6192
6279
1440
8325
10756
2827
3431
2673
6729
6547
2603
2622
8568
4210
6747
4190
1796
4714
7081
6312
2468
6736
7118
2132
7395
3806
7246
3228
2339
2700
4778
2629
7787
4305
2714
4138
5404
2995
5493
2934
9129
8278
6116
12453
2622
3329
20526
11132
7633
3844
9823
8730
8900
8645
7830
34988
3301
13747
14670
8608
1515
1943
4060
3991
11234
1763
4049
537
6037
1553
2640
2929
1881
6910
3057
4012
6441
4172
3731
5116
9390
2412
3622
4334
6328
3056
5654
6192
5424
4936
15267
16985
6033
2527
1954
4321
1407
3269
1975
2783
2377
4957
2425
3375
2742
6096
5033
3738
7078
9787
4447
2503
5414
2756
1823
4241
6131
1772
5012
4931
2222
2159
5308
10296
2909
8711
5237
655
3378
12438
2786
13782
11285
2387
2925
7132
9339
11037
11558
3998
3949
2808
4204
6068
4108
2418
6528
7930
4576
3232
9919
10322
11081
11273
10508
9426
10765
12208
6684
6768
14812
11167
13172
1648
5094
9341
2714
10749
8129
5710
7995
4400
4058
5569
2461
4825
3755
4768
6061
7534
5225
4098
1366
3789
2730
7130
5065
654
7108
2237
7147
2091
2928
5930
1310
1614
4075
10610
4390
3050
6226
1073
1439
3870
1082
2094
4656
2196
4363
4271
1008
777
924
5891
5438
3614
7202
1653
6592
6161
5682
1372
3233
3374
1286
268
1445
1670
4047
10076
1903
5079
7180
787
3865
2722
2395
5426
950
6045
3016
1941
2515
5477
6138
3090
9254
3992
7226
4627
2512
6059
3644
6724
3023
8492
2841
3066
3847
7426
4673
3646
2939
7277
4015
6534
12200
3854
6539
5185
9625
4973
7065
2849
4561
9287
2327
1319
12705
3877
6477
14801
20196
2721
14355
2188
8075
4906
6649
7117
3381
2729
5152
3503
5137
16968
4938
3641
4233
6707
2826
8982
5727
4914
2339
5050
8754
2555
613
9793
14160
1322
822
5210
2673
2085
5818
3658
7401
8056
9788
3321
2449
2487
4350
5166
6427
2947
3428
6055
1244
2648
13198
1154
3717
7296
5569
1776
6301
5518
1668
11443
7089
16591
2056
2203
3646
4056
10457
5921
4619
4542
3708
5980
5548
1833
1850
4922
5533
5717
3563
6007
8804
2824
6637
6844
2980
1190
6314
4735
4854
6241
7628
2690
3332
3312
2451
4690
6466
2585
2178
11350
12613
9877
8032
630
4511
12259
4615
3539
3129
7879
10071
9715
8444
2947
1142
14193
4095
8449
5738
3722
3675
1491
4615
4183
3455
13119
11578
2319
6354
2504
11060
5320
3613
3646
4933
2339
2105
5170
2604
2290
13690
10384
2041
2975
13988
10601
1305
7889
8687
11573
8290
3780
5256
10080
6433
11263
4432
6547
6449
6530
9417
4304
11097
3188
4501
8408
3535
1353
1804
5748
5193
3162
5607
3147
11545
4106
4645
8181
8085
6349
10254
2655
4419
2152
3421
6746
1252
1535
3601
6009
13014
4443
3401
3908
13621
6741
4529
5830
7052
6606
10507
3889
9731
3924
2187
2452
130
4365
4629
4850
3595
6370
3802
4599
3000
4040
3710
2667
5309
2630
3341
3133
6100
3621
4979
3039
2057
1662
5074
5585
6961
2546
4814
3110
3130
6054
6342
3527
11007
2604
4355
3375
2597
4370
3982
1172
5230
2915
2090
8041
6814
2249
3803
2706
1620
2330
1233
1896
2911
3766
5099
5511
6686
9135
5128
3050
5507
4207
6276
3833
7594
5485
13016
5499
12293
6084
2688
7123
1823
5415
12140
3113
6631
9043
2731
9911
2467
3992
2384
8261
3708
811
6341
2684
7242
2242
75
66
1761
1008
3229
2599
5695
3540
4677
5391
5682
6876
3660
11725
11186
1619
1286
6123
1864
2464
781
1454
9275
8642
2979
7212
4530
5021
4945
3144
6699
5010
3130
5193
3394
12102
2572
9880
2555
1798
2704
4345
4263
1681
2945
1443
1908
5467
1200
3819
3252
1024
2819
2378
4052
1177
11508
2584
2737
2633
5283
8327
2820
6722
1209
4627
1183
5338
1557
2497
1142
1503
2303
1801
2621
7626
1678
2836
8971
1262
2372
3821
15257
10197
2712
3348
3646
7030
2618
9793
6452
7313
6521
3441
7006
2487
8253
7114
6750
7569
2335
8357
6494
2758
5209
4353
1705
2607
2039
6107
5212
5675
2424
5656
3746
2512
2806
3926
1578
2409
7735
2077
5362
1929
5510
6418
4460
7392
11361
9213
5475
2622
3515
9029
4493
5592
5830
4475
4427
9302
7160
8927
2695
13714
1904
5046
2498
1152
6272
3472
9037
2695
5555
6336
2876
4511
12430
18178
4054
6180
4423
3186
4894
2105
7143
3105
2592
7642
2587
3944
9656
13962
6689
10547
1924
4213
3050
1833
1399
6805
6720
6203
2289
3838
3803
2789
1418
3858
6437
6524
5269
4784
3497
3203
1790
4576
3398
1243
8443
3587
3659
4016
2740
3011
2409
4223
3731
4210
2381
3368
1061
1498
10412
1347
2562
1903
3183
2761
3329
5807
5779
4278
5439
1738
4981
1735
2150
1279
3396
5203
6928
2516
2578
4162
10619
10333
2385
2844
6016
4608
4948
8727
6962
10674
2923
1115
17373
9015
8799
11443
1534
4275
2589
2914
206.33
6716
2058
3245
2134
2499
1461
4407
2725
9022
3418
2222
1478
2019
5638
5204
4117
6673
5083
7256
5589
5969
2192
7113
3557
12094
8224
8850
5558
3314
3117
4013
6401
1862
1393
4723
2638
7841
2265
2378
3447
2760
7424
4006
2235
6916
5292
2201
10835
9812
1868
5001
4011
4361
2982
1760
5386
6350
2550
6939
37027
19931
4427
6132
4372
8379
2819
2825
6820
6209
3699
12224
4862
3024
8488
5725
2791
2051
12694
2416
2304
2890
6895
1279
5045
4029
8644
5818
3450
2639
9550
9756
1610
2968
2368
7518
2151
4152
8187
2629
4227
3927
2065
2223
13347
2141
2487
4239
3589
7512
1666
1375
1063
685
4911
6340
4921
5518
864
3740
1328
1222
1168
1176
1177
2511
2305
1602
3419
6078
3748
4442.5
3385
7457
8466
4343
4853
3432
9503
3410
6198
6105
2197
4766
3097
2459
2927
9942
8738
3064
6415
6583
6516
4159
10312
3568
10139
6764
8502
4923
4138
2060
6983
4202
6664
5387
4037
1911
3115
1500
2606
3251
4004
2141
2531
1295
766
3515
769
7631
5313
5617
7031
2837
1785
6883
10277
9025
8187
2450
1673
4101
5779
3220
3500
2711
5243
4087
7996
4316
3306
1258
4634
3202
2487
4189
3173
6818
3324
4080
12199
5082
5057
2711
8015
1624
4404
6450
2675
6819
5330
3738
4710
4945
7065
3136
1541
1817
6564
5882
73
3767
7407
1299
1377
8924
5630
14006
10496
5958
4048
6332
5732
3967
5109
6364
9631
1928
1996
4795
3751
2253
8148
4019
2453
2776
5091
5498
2629
4233
7128
4744
2710
4590
4381
7443
2231
5580
4742
2146
9004
1924
4001
12556
3650
10585
2020
4825
125.92
4130
4825
4884
5249
2567
7577
1253
2630
2234
6240
3709
5269
4189
5396
9603
10252
2990
2562
3505
2840
2275
5737
7674
11237
5738
2180
9463
4074
